319569062.562501 4
327552849.357793 8
346616104.931783 16
349114396.595674 32
339831291.745368 64
342097191.707150 128
340783006.771596 256
335035066.698618 512
295896419.068027 1024
323462198.240232 2048
342919664.688283 4096
337794028.227998 8192
332152215.499214 16384
339537278.393912 32768
337842493.562459 65536
324241269.350444 131072
326335935.733442 262144
322788524.483715 524288
321961566.416792 1048576
317387381.379720 2097152
311656619.274182 4194304
299436740.631010 8388608
280261364.538047 16777216
245572642.942091 33554432
197353762.092203 67108864
309661281.763775 4
289129619.377312 8
322279303.853394 16
323617400.697301 32
313685902.125163 64
319261200.615603 128
320159839.321026 256
323210603.375202 512
323072898.438045 1024
317925673.963147 2048
318165334.041328 4096
312791841.452729 8192
312828293.469698 16384
311600906.355633 32768
310380241.888861 65536
303728735.007920 131072
300594228.994777 262144
301733565.336247 524288
301333884.134240 1048576
296091595.374345 2097152
284918564.811473 4194304
279449685.920886 8388608
264744911.927727 16777216
233066658.331553 33554432
190146725.148187 67108864
