256 256 0.011232
256 512 0.002208
256 1024 0.001408
256 2048 0.001376
512 256 0.001248
512 512 0.001440
512 1024 0.001280
512 2048 0.001376
1024 256 0.001312
1024 512 0.001248
1024 1024 0.001280
1024 2048 0.001248
2048 256 0.001280
2048 512 0.001280
2048 1024 0.001280
2048 2048 0.001280
4096 256 0.001280
4096 512 0.001280
4096 1024 0.001248
4096 2048 0.001248
8192 256 0.001248
8192 512 0.001248
8192 1024 0.001280
8192 2048 0.001248
16384 256 0.002208
16384 512 0.002208
16384 1024 0.002176
16384 2048 0.002336
32768 256 0.002464
32768 512 0.002208
32768 1024 0.002240
32768 2048 0.002240
65536 256 0.002208
65536 512 0.002272
65536 1024 0.002208
65536 2048 0.002432
131072 256 0.002208
131072 512 0.002208
131072 1024 0.002208
131072 2048 0.002656
262144 256 0.002208
262144 512 0.002208
262144 1024 0.002208
262144 2048 0.002208
524288 256 0.002208
524288 512 0.002272
524288 1024 0.002208
524288 2048 0.002208
1048576 256 0.002240
1048576 512 0.002432
1048576 1024 0.002432
1048576 2048 0.002240
2097152 256 0.002464
2097152 512 0.002208
2097152 1024 0.002240
2097152 2048 0.002240
4194304 256 0.002208
4194304 512 0.002176
4194304 1024 0.002208
4194304 2048 0.002176
8388608 256 0.002208
8388608 512 0.002304
8388608 1024 0.002496
8388608 2048 0.002208
16777216 256 0.002176
16777216 512 0.002176
16777216 1024 0.002208
16777216 2048 0.002464
33554432 256 0.002208
33554432 512 0.002176
33554432 1024 0.002496
33554432 2048 0.002528
67108864 256 0.002208
67108864 512 0.002240
67108864 1024 0.002208
67108864 2048 0.002368
134217728 256 0.002176
134217728 512 0.002336
134217728 1024 0.002304
134217728 2048 0.002240
