1 3639 1315
2 3569 1438
3 3904 1289
4 3506 1221
5 3237 1764
6 3089 1251
7 3238 1229
8 4172 1125
9 4020 1142
10 4095 626
11 4403 1022
12 4361 73
13 4634 654
14 2846 1951
15 3054 1710
16 2562 1756
17 2291 1403
18 2012 1552
19 682 825
20 518 1251
21 1332 695
22 4016 1715
23 4087 1546
24 4062 2220
25 4061 2370
26 4201 2397
27 3777 2095
28 3888 2261
29 3678 2463
30 3789 2620
31 3862 2839
32 4263 2931
33 3492 1901
34 3479 2198
35 3318 2408
36 3296 2217
37 3394 2643
38 3101 2721
39 3792 3156
40 3143 3421
41 3130 2973
42 2765 3321
43 2545 2357
44 2611 2275
45 2860 2862
46 2801 2700
47 2370 2975
48 1084 2313
49 4177 2244
50 3757 1187
51 3488 1535
52 3374 1750
53 3326 1556
54 3258 911
55 3646 234
56 4089 1387
57 4196 1044
58 4312 790
59 4685 830
60 4720 557
61 4153 426
62 2831 2099
63 3086 1516
64 2716 1924
65 2751 1559
66 1779 1626
67 1478 267
68 278 890
69 3715 1678
70 4181 1574
71 3929 1892
72 3751 1945
73 4207 2533
74 4139 2615
75 3780 2212
76 3594 2900
77 3676 2578
78 4029 2838
79 3928 3029
80 4186 3037
81 3322 1916
82 3429 1908
83 3176 2150
84 3229 2367
85 3402 2912
86 3402 2510
87 3468 3018
88 3356 3212
89 3044 3081
90 3140 3550
91 2769 2492
92 2348 2652
93 2778 2826
94 2126 2896
95 1890 3033
96 3538 3298
97 3712 1399
98 3493 1696
99 3791 1339
100 3376 1306
101 3188 1881
102 3814 261
103 3583 864
104 4297 1218
105 4116 1187
106 4252 882
107 4386 570
108 4643 404
109 4784 279
110 3007 1970
111 1828 1210
112 2061 1277
113 2788 1491
114 2381 1676
115 1777 892
116 1064 284
117 3688 1818
118 3896 1656
119 3918 2179
120 3972 2136
121 4029 2498
122 3766 2364
123 3896 2443
124 3796 2499
125 3478 2705
126 3810 2969
127 4167 3206
128 3486 1755
129 3334 2107
130 3587 2417
131 3507 2376
132 3264 2551
133 3360 2792
134 3439 3201
135 3526 3263
136 3012 3394
137 2935 3240
138 3053 3739
139 2284 2803
140 2577 2574
141 2592 2820
142 2401 3164
143 1304 2312
144 3470 3304
